854.48 0.019325701 399851.6589
254.07 0.033495408 152852.054
203.99 0.042345277 119073.9652 
920.91 0.017054106 446943.4075
202.13 0.050275482 132217.426
175.17 0.044331395 107078.8846
9382.7 0.007661244 3455084.551
381.887 0.025528353 208644.5888
3569.7 0.007773256 1006431.693
5133.34 0.006260971 1383172.288
215.111 0.069196429 601279.9249
102.05 0.111959288 322888.9771
399.206 0.026310622 222193.4018
211.784 0.041131105 120464.143
2212.79 0.013802256 714560.4776
208.232 0.040514469 119069.2957
197.232 0.051282051 115047.5463
127.628 0.085185185 420472.0135
252.628 0.032876712 155589.0187
246.681 0.037446809 138062.4293
212.99 0.041679436 146184.2965
419.446 0.027557569 257591.9243
2098.28 0.01583542 653259.8251
1310.07 0.022371365 588385.4803
1796.68 0.013560907 617880.1223
207.785 0.01486387 555491.517
1569.56 0.01486387 555491.517
1499.8 0.014652015 538155.4103
2594.82 0.009535027 969558.1703
1445.69 0.019087838 468775.6205
948.383 0.016626115 329605.4138
3441.53 0.010775678 1182317.834
11535.5 0.004419975 2405844.901
3486.62 0.011288805 1224985.991
240.995 0.035167328 153442.9447