684.698 0.0332 328810.00
264.166 0.034 133700.00
1789.89 0.0088 611950.00
2504.36 0.0111 692410.00
872.264 0.0244 259170.00
315.17 0.0303 135420.00
721.662 0.0235 400810.00
290.186 0.0397 138210.00
295.558 0.0351 137360.00
302.823 0.0303 126170.00
2368.9847 0.0278 134620.00
854.48 0.019325701 399851.6589
254.07 0.033495408 152852.054
203.99 0.042345277 119073.9652 
920.91 0.017054106 446943.4075
202.13 0.050275482 132217.426
175.17 0.044331395 107078.8846
381.887 0.025528353 208644.5888
3569.7 0.007773256 1006431.693
5133.34 0.006260971 1383172.288
215.111 0.069196429 601279.9249
399.206 0.026310622 222193.4018
211.784 0.041131105 120464.143
2212.79 0.013802256 714560.4776
208.232 0.040514469 119069.2957
197.232 0.051282051 115047.5463
127.628 0.085185185 420472.0135
252.628 0.032876712 155589.0187
246.681 0.037446809 138062.4293
212.99 0.041679436 146184.2965
419.446 0.027557569 257591.9243
2098.28 0.01583542 653259.8251
1310.07 0.022371365 588385.4803
1796.68 0.013560907 617880.1223
207.785 0.01486387 555491.517
1569.56 0.01486387 555491.517
1499.8 0.014652015 538155.4103
2594.82 0.009535027 969558.1703
1445.69 0.019087838 468775.6205
948.383 0.016626115 329605.4138
3441.53 0.010775678 1182317.834
240.995 0.035167328 153442.9447
543.18 0.02302 239559.138
548.46 0.02221 238681.543
548.30 0.02199 240987.337
547.24 0.02221 238717.6512
547.06 0.02331 238273.7296
545.955 0.02150 243260.4388
502.617 0.02584 230561.1347
518.927 0.02481 232585.3192
510.149 0.02422 233421.6011
214.877 0.07057 397507.7935
494.522 0.02523 230438.4551
503.069 0.02462 230381.787
505.225 0.02764 230537.5603
509.453 0.02307 233446.9872
541.033 0.02318 239876.958
776.255 0.01785 425340.1236
769.448 0.02244 414305.9468
256.87 0.0261 221431.2751
255.34 0.0267 223647.542
42.54 0.1456 263462.5402
232.29 0.0256 208618.8155
228.35 0.0239 203174.7985
238.58 0.0237 203163.0417
273.42 0.0214 238531.3989
242.23 0.0242 211842.5901
256.82 0.0271 220831.0433
252.49 0.0266 223837.3705
244.88 0.0259 219164.8312
251.654 0.0280 219124.1042
250.196 0.0264 219432.79
238.933 0.0240 205384.3765
229.629 0.0206 208474.6873
231.643 0.0239 203789.5155
232.561 0.0239 203175.295
238.921 0.0240 203166.0081
228.709 0.0239 203789.5155
235.379 0.0238 203760.428
238.433 0.0238 203139.9476
234.22 0.0236 242063.9387
252.563 0.0238 203166.7429
232.137 0.0243 205370.4904
238.638 0.0235 203189.0907
236.79 0.0211 209091.0376
246.616 0.0238 203139.7718
234.302 0.0220 235922.2876
254.632 0.0247 198482.9461
212.455 0.0251 202743.021
228.501 0.0261 202159.7004
229.461 0.0261 202159.7004 
332.604 0.0211 269579.6956
328.905 0.0180 273543.5954
353.977 0.0230 281615.3415
3486.62 0.011288805 1224985.991