543.18 0.02302 239559.138
548.46 0.02221 238681.543
548.30 0.02199 240987.337
547.24 0.02221 238717.6512
547.06 0.02331 238273.7296
132.09 0.09351 375967.5568
545.955 0.02150 243260.4388
502.617 0.02584 230561.1347
518.927 0.02481 232585.3192
510.149 0.02422 233421.6011
214.877 0.07057 397507.7935
494.522 0.02523 230438.4551
503.069 0.02462 230381.787
505.225 0.02764 230537.5603
509.453 0.02307 233446.9872
53.1135 0.16022 157954.6825
541.033 0.02318 239876.958
776.255 0.01785 425340.1236
769.448 0.02244 414305.9468
48.6537 0.15768 163391.0621
51.6023 0.16044 158804.7268