256.87 0.0261 221431.2751
255.34 0.0267 223647.542
42.54 0.1456 263462.5402
232.29 0.0256 208618.8155
228.35 0.0239 203174.7985
238.58 0.0237 203163.0417
273.42 0.0214 238531.3989
242.23 0.0242 211842.5901
256.82 0.0271 220831.0433
252.49 0.0266 223837.3705
244.88 0.0259 219164.8312
251.654 0.0280 219124.1042
250.196 0.0264 219432.79
238.933 0.0240 205384.3765
229.629 0.0206 208474.6873
231.643 0.0239 203789.5155
232.561 0.0239 203175.295
238.921 0.0240 203166.0081
228.709 0.0239 203789.5155
235.379 0.0238 203760.428
238.433 0.0238 203139.9476
234.22 0.0236 242063.9387
252.563 0.0238 203166.7429
232.137 0.0243 205370.4904
238.638 0.0235 203189.0907
236.79 0.0211 209091.0376
246.616 0.0238 203139.7718
234.302 0.0220 235922.2876
254.632 0.0247 198482.9461
212.455 0.0251 202743.021
228.501 0.0261 202159.7004
229.461 0.0261 202159.7004 
332.604 0.0211 269579.6956
328.905 0.0180 273543.5954
353.977 0.0230 281615.3415